4339
4204
2458
3923
4365
3014
3146
4086
4262
3735
4339
4365
3735
3146
3923
4204
2458
4086
3014
3014
3923
4339
4086
2458
4365
4262
3739
3146
3735
Number of failed downloads: 10
3735
3739
2458
3146
4086
4204
4262
3923
4365
4339
Number of failed downloads: 10
4262
3735
2458
3014
4339
4204
4365
3146
4086
3739
3923
Number of failed downloads: 11
4204
4086
4339
3923
2458
3146
3739
3014
4365
3735
4262
Number of failed downloads: 11
3739
4262
4204
3923
2458
4365
4086
4339
3014
3146
Number of failed downloads: 10
